Inicio: 2025-06-17 18:50:41.978355
Inicio: 2025-06-17 19:01:23.785315
